/************************************************************************
 *   insanemap GIMP plugin
 *
 *   Copyright (C) 2002-2008 Shawn Kirst <skirst@insightbb.com>
 *   Copyright (C) 2013 Omar Emad
 *   Copyright (C) 2013 Derby Russell <jdrussell51@gmail.com>
 *
 *   This program is free software; you can redistribute it and/or
 *   modify it under the terms of the GNU General Public
 *   License as published by the Free Software Foundation; either
 *   version 2 of the License, or (at your option) any later version.
 *
 *   This program is distributed in the hope that it will be useful,
 *   but WITHOUT ANY WARRANTY; without even the implied warranty of
 *   MERCHANTABILITY or FITNESS FOR A PARTICULAR PURPOSE.  See the GNU
 *   General Public License for more details.
 *
 *   You should have received a copy of the GNU General Public License
 *   along with this program; see the file COPYING.  If not, write to
 *   the Free Software Foundation, Inc., 59 Temple Place - Suite 330,
 *   Boston, MA 02111-1307, USA.
 ************************************************************************/

#ifndef TORUS_HEADER_GUARD
#define TORUS_HEADER_GUARD

#define TORUS_NUM_VERTS 821
static float torus_verts[TORUS_NUM_VERTS * 16] =
{
   -0.000000f, 0.000000f, -1.000000f, 1.000000f, 0.000000f, 0.000000f, -0.019789f, 0.999058f, -0.038615f, 0.999628f, 0.020497f, 0.018016f, 0.018791f, -0.038244f, -0.999092f, 1.000000f,
   0.251884f, 0.100000f, -0.940044f, 1.000000f, 0.083333f, 0.041667f, -0.137439f, 0.884270f, 0.446293f, 0.960451f, 0.008816f, 0.278309f, 0.242166f, 0.466894f, -0.850509f, 1.000000f,
   0.258819f, 0.000000f, -0.965926f, 1.000000f, 0.000000f, 0.041667f, -0.028917f, 0.999087f, 0.031459f, 0.960511f, 0.019059f, 0.277587f, 0.276734f, 0.038244f, -0.960185f, 1.000000f,
   -0.000000f, 0.100000f, -0.973205f, 1.000000f, 0.083333f, 0.000000f, -0.017060f, 0.883972f, 0.467228f, 0.999573f, 0.026171f, -0.013017f, -0.023734f, 0.466806f, -0.884041f, 1.000000f,
   0.232937f, 0.173205f, -0.869333f, 1.000000f, 0.166667f, 0.041667f, -0.228734f, 0.532362f, 0.815028f, 0.962980f, 0.001049f, 0.269571f, 0.142654f, 0.846516f, -0.512894f, 1.000000f,
   -0.000000f, 0.173205f, -0.900000f, 1.000000f, 0.166667f, 0.000000f, -0.009853f, 0.532133f, 0.846604f, 0.999700f, 0.024224f, -0.003592f, -0.022420f, 0.846314f, -0.532212f, 1.000000f,
   0.207055f, 0.200000f, -0.772741f, 1.000000f, 0.250000f, 0.041667f, -0.258628f, 0.038250f, 0.965219f, 0.965964f, 0.005032f, 0.258628f, 0.005036f, 0.999256f, -0.038250f, 1.000000f,
   0.232937f, 0.173205f, -0.869333f, 1.000000f, 0.166667f, 0.041667f, -0.228734f, 0.532362f, 0.815028f, 0.962980f, 0.001049f, 0.269571f, 0.142654f, 0.846516f, -0.512894f, 1.000000f,
   -0.000000f, 0.200000f, -0.800000f, 1.000000f, 0.250000f, 0.000000f, 0.000006f, 0.038250f, 0.999268f, 0.999886f, 0.015094f, -0.000584f, -0.015106f, 0.999154f, -0.038246f, 1.000000f,
   0.181173f, 0.173205f, -0.676148f, 1.000000f, 0.333333f, 0.041667f, -0.219421f, -0.465932f, 0.857182f, 0.966401f, 0.016764f, 0.256491f, -0.133877f, 0.884662f, 0.446599f, 1.000000f,
   0.207055f, 0.200000f, -0.772741f, 1.000000f, 0.250000f, 0.041667f, -0.258628f, 0.038250f, 0.965219f, 0.965964f, 0.005032f, 0.258628f, 0.005036f, 0.999256f, -0.038250f, 1.000000f,
   -0.000000f, 0.173205f, -0.700000f, 1.000000f, 0.333333f, 0.000000f, 0.009957f, -0.466020f, 0.884718f, 0.999944f, 0.007862f, -0.007113f, -0.003641f, 0.884739f, 0.466072f, 1.000000f,
   0.162226f, 0.100000f, -0.605438f, 1.000000f, 0.416667f, 0.041667f, -0.121531f, -0.845713f, 0.519615f, 0.963869f, 0.024462f, 0.265250f, -0.237036f, 0.533077f, 0.812184f, 1.000000f,
   -0.000000f, 0.100000f, -0.626795f, 1.000000f, 0.416667f, 0.000000f, 0.017229f, -0.845963f, 0.532963f, 0.999813f, 0.009882f, -0.016634f, 0.008805f, 0.533150f, 0.845975f, 1.000000f,
   0.155291f, -0.000000f, -0.579556f, 1.000000f, 0.500000f, 0.041667f, 0.009121f, -0.999058f, 0.042421f, 0.960903f, 0.020497f, 0.276125f, -0.276734f, 0.038244f, 0.960185f, 1.000000f,
   -0.000000f, 0.100000f, -0.626795f, 1.000000f, 0.416667f, 0.000000f, 0.017229f, -0.845963f, 0.532963f, 0.999813f, 0.009882f, -0.016634f, 0.008805f, 0.533150f, 0.845975f, 1.000000f,
   -0.000000f, -0.000000f, -0.600000f, 1.000000f, 0.500000f, 0.000000f, 0.019789f, -0.999087f, 0.037871f, 0.999628f, 0.019059f, -0.019530f, 0.018790f, 0.038244f, 0.999092f, 1.000000f,
   0.162226f, -0.100000f, -0.605438f, 1.000000f, 0.583333f, 0.041667f, 0.137439f, -0.884270f, -0.446294f, 0.960451f, 0.008816f, 0.278309f, -0.242166f, -0.466894f, 0.850509f, 1.000000f,
   -0.000000f, -0.100000f, -0.626795f, 1.000000f, 0.583333f, 0.000000f, 0.017060f, -0.883972f, -0.467228f, 0.999573f, 0.026171f, -0.013017f, 0.023734f, -0.466806f, 0.884041f, 1.000000f,
   0.181173f, -0.173205f, -0.676148f, 1.000000f, 0.666667f, 0.041667f, 0.228734f, -0.532362f, -0.815029f, 0.962980f, 0.001050f, 0.269571f, -0.142654f, -0.846516f, 0.512894f, 1.000000f,
   -0.000000f, -0.173205f, -0.700000f, 1.000000f, 0.666667f, 0.000000f, 0.009853f, -0.532133f, -0.846604f, 0.999700f, 0.024225f, -0.003592f, 0.022420f, -0.846314f, 0.532212f, 1.000000f,
   0.207055f, -0.200000f, -0.772741f, 1.000000f, 0.750000f, 0.041667f, 0.258628f, -0.038250f, -0.965219f, 0.965964f, 0.005032f, 0.258628f, -0.005036f, -0.999256f, 0.038250f, 1.000000f,
   -0.000000f, -0.200000f, -0.800000f, 1.000000f, 0.750000f, 0.000000f, -0.000006f, -0.038250f, -0.999268f, 0.999886f, 0.015094f, -0.000583f, 0.015106f, -0.999154f, 0.038246f, 1.000000f,
   0.232937f, -0.173205f, -0.869333f, 1.000000f, 0.833333f, 0.041667f, 0.219421f, 0.465932f, -0.857182f, 0.966401f, 0.016764f, 0.256491f, 0.133877f, -0.884662f, -0.446599f, 1.000000f,
   -0.000000f, -0.173205f, -0.900000f, 1.000000f, 0.833333f, 0.000000f, -0.009958f, 0.466020f, -0.884718f, 0.999944f, 0.007862f, -0.007113f, 0.003641f, -0.884739f, -0.466072f, 1.000000f,
   0.251884f, -0.100000f, -0.940044f, 1.000000f, 0.916667f, 0.041667f, 0.121531f, 0.845713f, -0.519615f, 0.963869f, 0.024461f, 0.265250f, 0.237036f, -0.533077f, -0.812184f, 1.000000f,
   -0.000000f, -0.100000f, -0.973205f, 1.000000f, 0.916667f, 0.000000f, -0.017229f, 0.845963f, -0.532963f, 0.999813f, 0.009882f, -0.016634f, -0.008805f, -0.533150f, -0.845975f, 1.000000f,
   0.258819f, 0.000000f, -0.965926f, 1.000000f, 1.000000f, 0.041667f, -0.028917f, 0.999087f, 0.031459f, 0.960511f, 0.019059f, 0.277587f, 0.276734f, 0.038244f, -0.960185f, 1.000000f,
   -0.000000f, 0.000000f, -1.000000f, 1.000000f, 1.000000f, 0.000000f, -0.019789f, 0.999058f, -0.038615f, 0.999628f, 0.020497f, 0.018016f, 0.018791f, -0.038244f, -0.999092f, 1.000000f,
   0.258819f, 0.000000f, -0.965926f, 1.000000f, 0.000000f, 0.041667f, -0.028917f, 0.999087f, 0.031459f, 0.960511f, 0.019059f, 0.277587f, 0.276734f, 0.038244f, -0.960185f, 1.000000f,
   0.486603f, 0.100000f, -0.842820f, 1.000000f, 0.083333f, 0.083333f, -0.248265f, 0.884270f, 0.395515f, 0.855693f, 0.008816f, 0.517409f, 0.454042f, 0.466894f, -0.758852f, 1.000000f,
   0.500000f, 0.000000f, -0.866025f, 1.000000f, 0.000000f, 0.083333f, -0.036073f, 0.999087f, 0.022903f, 0.855938f, 0.019059f, 0.516727f, 0.515819f, 0.038244f, -0.855844f, 1.000000f,
   0.251884f, 0.100000f, -0.940044f, 1.000000f, 0.083333f, 0.041667f, -0.137439f, 0.884270f, 0.446293f, 0.960451f, 0.008816f, 0.278309f, 0.242166f, 0.466894f, -0.850509f, 1.000000f,
   0.450000f, 0.173205f, -0.779423f, 1.000000f, 0.166667f, 0.083333f, -0.431886f, 0.532362f, 0.728056f, 0.860397f, 0.001050f, 0.509623f, 0.270540f, 0.846516f, -0.458496f, 1.000000f,
   0.232937f, 0.173205f, -0.869333f, 1.000000f, 0.166667f, 0.041667f, -0.228734f, 0.532362f, 0.815028f, 0.962980f, 0.001049f, 0.269571f, 0.142654f, 0.846516f, -0.512894f, 1.000000f,
   0.400000f, 0.200000f, -0.692820f, 1.000000f, 0.250000f, 0.083333f, -0.499632f, 0.038250f, 0.865393f, 0.866112f, 0.005032f, 0.499825f, 0.014764f, 0.999256f, -0.035643f, 1.000000f,
   0.207055f, 0.200000f, -0.772741f, 1.000000f, 0.250000f, 0.041667f, -0.258628f, 0.038250f, 0.965219f, 0.965964f, 0.005032f, 0.258628f, 0.005036f, 0.999256f, -0.038250f, 1.000000f,
   0.350000f, 0.173205f, -0.606218f, 1.000000f, 0.333333f, 0.083333f, -0.433799f, -0.465932f, 0.771184f, 0.867087f, 0.016764f, 0.497875f, -0.244904f, 0.884662f, 0.396732f, 1.000000f,
   0.181173f, 0.173205f, -0.676148f, 1.000000f, 0.333333f, 0.041667f, -0.219421f, -0.465932f, 0.857182f, 0.966401f, 0.016764f, 0.256491f, -0.133877f, 0.884662f, 0.446599f, 1.000000f,
   0.313398f, 0.100000f, -0.542820f, 1.000000f, 0.416667f, 0.083333f, -0.251876f, -0.845713f, 0.470455f, 0.862375f, 0.024462f, 0.505679f, -0.439168f, 0.533077f, 0.723160f, 1.000000f,
   0.181173f, 0.173205f, -0.676148f, 1.000000f, 0.333333f, 0.041667f, -0.219421f, -0.465932f, 0.857182f, 0.966401f, 0.016764f, 0.256491f, -0.133877f, 0.884662f, 0.446599f, 1.000000f,
   0.162226f, 0.100000f, -0.605438f, 1.000000f, 0.416667f, 0.041667f, -0.121531f, -0.845713f, 0.519615f, 0.963869f, 0.024462f, 0.265250f, -0.237036f, 0.533077f, 0.812184f, 1.000000f,
   0.300000f, -0.000000f, -0.519615f, 1.000000f, 0.500000f, 0.083333f, -0.002169f, -0.999058f, 0.043336f, 0.856695f, 0.020497f, 0.515416f, -0.515819f, 0.038244f, 0.855844f, 1.000000f,
   0.313398f, 0.100000f, -0.542820f, 1.000000f, 0.416667f, 0.083333f, -0.251876f, -0.845713f, 0.470455f, 0.862375f, 0.024462f, 0.505679f, -0.439168f, 0.533077f, 0.723160f, 1.000000f,
   0.162226f, 0.100000f, -0.605438f, 1.000000f, 0.416667f, 0.041667f, -0.121531f, -0.845713f, 0.519615f, 0.963869f, 0.024462f, 0.265250f, -0.237036f, 0.533077f, 0.812184f, 1.000000f,
   0.155291f, -0.000000f, -0.579556f, 1.000000f, 0.500000f, 0.041667f, 0.009121f, -0.999058f, 0.042421f, 0.960903f, 0.020497f, 0.276125f, -0.276734f, 0.038244f, 0.960185f, 1.000000f,
   0.313398f, -0.100000f, -0.542820f, 1.000000f, 0.583333f, 0.083333f, 0.248265f, -0.884270f, -0.395515f, 0.855693f, 0.008816f, 0.517409f, -0.454042f, -0.466894f, 0.758852f, 1.000000f,
   0.155291f, -0.000000f, -0.579556f, 1.000000f, 0.500000f, 0.041667f, 0.009121f, -0.999058f, 0.042421f, 0.960903f, 0.020497f, 0.276125f, -0.276734f, 0.038244f, 0.960185f, 1.000000f,
   0.350000f, -0.173205f, -0.606218f, 1.000000f, 0.666667f, 0.083333f, 0.431885f, -0.532362f, -0.728056f, 0.860397f, 0.001050f, 0.509623f, -0.270540f, -0.846516f, 0.458496f, 1.000000f,
   0.313398f, -0.100000f, -0.542820f, 1.000000f, 0.583333f, 0.083333f, 0.248265f, -0.884270f, -0.395515f, 0.855693f, 0.008816f, 0.517409f, -0.454042f, -0.466894f, 0.758852f, 1.000000f,
   0.181173f, -0.173205f, -0.676148f, 1.000000f, 0.666667f, 0.041667f, 0.228734f, -0.532362f, -0.815029f, 0.962980f, 0.001050f, 0.269571f, -0.142654f, -0.846516f, 0.512894f, 1.000000f,
   0.400000f, -0.200000f, -0.692820f, 1.000000f, 0.750000f, 0.083333f, 0.499632f, -0.038250f, -0.865393f, 0.866112f, 0.005032f, 0.499825f, -0.014764f, -0.999256f, 0.035643f, 1.000000f,
   0.350000f, -0.173205f, -0.606218f, 1.000000f, 0.666667f, 0.083333f, 0.431885f, -0.532362f, -0.728056f, 0.860397f, 0.001050f, 0.509623f, -0.270540f, -0.846516f, 0.458496f, 1.000000f,
   0.207055f, -0.200000f, -0.772741f, 1.000000f, 0.750000f, 0.041667f, 0.258628f, -0.038250f, -0.965219f, 0.965964f, 0.005032f, 0.258628f, -0.005036f, -0.999256f, 0.038250f, 1.000000f,
   0.207055f, -0.200000f, -0.772741f, 1.000000f, 0.750000f, 0.041667f, 0.258628f, -0.038250f, -0.965219f, 0.965964f, 0.005032f, 0.258628f, -0.005036f, -0.999256f, 0.038250f, 1.000000f,
   0.450000f, -0.173205f, -0.779423f, 1.000000f, 0.833333f, 0.083333f, 0.433799f, 0.465932f, -0.771184f, 0.867087f, 0.016764f, 0.497875f, 0.244904f, -0.884662f, -0.396732f, 1.000000f,
   0.400000f, -0.200000f, -0.692820f, 1.000000f, 0.750000f, 0.083333f, 0.499632f, -0.038250f, -0.865393f, 0.866112f, 0.005032f, 0.499825f, -0.014764f, -0.999256f, 0.035643f, 1.000000f,
   0.486603f, -0.100000f, -0.842820f, 1.000000f, 0.916667f, 0.083333f, 0.251876f, 0.845713f, -0.470455f, 0.862375f, 0.024461f, 0.505679f, 0.439168f, -0.533077f, -0.723160f, 1.000000f,
   0.232937f, -0.173205f, -0.869333f, 1.000000f, 0.833333f, 0.041667f, 0.219421f, 0.465932f, -0.857182f, 0.966401f, 0.016764f, 0.256491f, 0.133877f, -0.884662f, -0.446599f, 1.000000f,
   0.251884f, -0.100000f, -0.940044f, 1.000000f, 0.916667f, 0.041667f, 0.121531f, 0.845713f, -0.519615f, 0.963869f, 0.024461f, 0.265250f, 0.237036f, -0.533077f, -0.812184f, 1.000000f,
   0.500000f, 0.000000f, -0.866025f, 1.000000f, 1.000000f, 0.083333f, -0.036073f, 0.999087f, 0.022903f, 0.855938f, 0.019059f, 0.516727f, 0.515819f, 0.038244f, -0.855844f, 1.000000f,
   0.688160f, 0.100000f, -0.688160f, 1.000000f, 0.083333f, 0.125000f, -0.342172f, 0.884270f, 0.317782f, 0.692621f, 0.008816f, 0.721248f, 0.634976f, 0.466894f, -0.615480f, 1.000000f,
   0.707107f, 0.000000f, -0.707107f, 1.000000f, 0.000000f, 0.125000f, -0.040772f, 0.999087f, 0.012786f, 0.693034f, 0.019059f, 0.720653f, 0.719751f, 0.038244f, -0.693178f, 1.000000f,
   0.636396f, 0.173205f, -0.636396f, 1.000000f, 0.166667f, 0.125000f, -0.605604f, 0.532362f, 0.591468f, 0.699180f, 0.001049f, 0.714945f, 0.379989f, 0.846516f, -0.372852f, 1.000000f,
   0.486603f, 0.100000f, -0.842820f, 1.000000f, 0.083333f, 0.083333f, -0.248265f, 0.884270f, 0.395515f, 0.855693f, 0.008816f, 0.517409f, 0.454042f, 0.466894f, -0.758852f, 1.000000f,
   0.450000f, 0.173205f, -0.779423f, 1.000000f, 0.166667f, 0.083333f, -0.431886f, 0.532362f, 0.728056f, 0.860397f, 0.001050f, 0.509623f, 0.270540f, 0.846516f, -0.458496f, 1.000000f,
   0.450000f, 0.173205f, -0.779423f, 1.000000f, 0.166667f, 0.083333f, -0.431886f, 0.532362f, 0.728056f, 0.860397f, 0.001050f, 0.509623f, 0.270540f, 0.846516f, -0.458496f, 1.000000f,
   0.565685f, 0.200000f, -0.565685f, 1.000000f, 0.250000f, 0.125000f, -0.706588f, 0.038250f, 0.706591f, 0.707235f, 0.005032f, 0.706960f, 0.023486f, 0.999256f, -0.030608f, 1.000000f,
   0.400000f, 0.200000f, -0.692820f, 1.000000f, 0.250000f, 0.083333f, -0.499632f, 0.038250f, 0.865393f, 0.866112f, 0.005032f, 0.499825f, 0.014764f, 0.999256f, -0.035643f, 1.000000f,
   0.494975f, 0.173205f, -0.494975f, 1.000000f, 0.333333f, 0.125000f, -0.618615f, -0.465932f, 0.632631f, 0.708682f, 0.016764f, 0.705329f, -0.339241f, 0.884662f, 0.319828f, 1.000000f,
   0.565685f, 0.200000f, -0.565685f, 1.000000f, 0.250000f, 0.125000f, -0.706588f, 0.038250f, 0.706591f, 0.707235f, 0.005032f, 0.706960f, 0.023486f, 0.999256f, -0.030608f, 1.000000f,
   0.350000f, 0.173205f, -0.606218f, 1.000000f, 0.333333f, 0.083333f, -0.433799f, -0.465932f, 0.771184f, 0.867087f, 0.016764f, 0.497875f, -0.244904f, 0.884662f, 0.396732f, 1.000000f,
   0.443211f, 0.100000f, -0.443211f, 1.000000f, 0.416667f, 0.125000f, -0.365056f, -0.845713f, 0.389235f, 0.702111f, 0.024462f, 0.711648f, -0.611371f, 0.533077f, 0.584854f, 1.000000f,
   0.424264f, -0.000000f, -0.424264f, 1.000000f, 0.500000f, 0.125000f, -0.013312f, -0.999058f, 0.041298f, 0.694104f, 0.020497f, 0.719583f, -0.719751f, 0.038244f, 0.693178f, 1.000000f,
   0.443211f, 0.100000f, -0.443211f, 1.000000f, 0.416667f, 0.125000f, -0.365056f, -0.845713f, 0.389235f, 0.702111f, 0.024462f, 0.711648f, -0.611371f, 0.533077f, 0.584854f, 1.000000f,
   0.313398f, 0.100000f, -0.542820f, 1.000000f, 0.416667f, 0.083333f, -0.251876f, -0.845713f, 0.470455f, 0.862375f, 0.024462f, 0.505679f, -0.439168f, 0.533077f, 0.723160f, 1.000000f,
   0.300000f, -0.000000f, -0.519615f, 1.000000f, 0.500000f, 0.083333f, -0.002169f, -0.999058f, 0.043336f, 0.856695f, 0.020497f, 0.515416f, -0.515819f, 0.038244f, 0.855844f, 1.000000f,
   0.300000f, -0.000000f, -0.519615f, 1.000000f, 0.500000f, 0.083333f, -0.002169f, -0.999058f, 0.043336f, 0.856695f, 0.020497f, 0.515416f, -0.515819f, 0.038244f, 0.855844f, 1.000000f,
   0.443211f, -0.100000f, -0.443211f, 1.000000f, 0.583333f, 0.125000f, 0.342172f, -0.884269f, -0.317782f, 0.692621f, 0.008816f, 0.721248f, -0.634976f, -0.466894f, 0.615480f, 1.000000f,
   0.300000f, -0.000000f, -0.519615f, 1.000000f, 0.500000f, 0.083333f, -0.002169f, -0.999058f, 0.043336f, 0.856695f, 0.020497f, 0.515416f, -0.515819f, 0.038244f, 0.855844f, 1.000000f,
   0.494975f, -0.173205f, -0.494975f, 1.000000f, 0.666667f, 0.125000f, 0.605604f, -0.532362f, -0.591468f, 0.699179f, 0.001049f, 0.714946f, -0.379989f, -0.846516f, 0.372852f, 1.000000f,
   0.565685f, -0.200000f, -0.565685f, 1.000000f, 0.750000f, 0.125000f, 0.706588f, -0.038250f, -0.706591f, 0.707235f, 0.005032f, 0.706960f, -0.023486f, -0.999256f, 0.030608f, 1.000000f,
   0.494975f, -0.173205f, -0.494975f, 1.000000f, 0.666667f, 0.125000f, 0.605604f, -0.532362f, -0.591468f, 0.699179f, 0.001049f, 0.714946f, -0.379989f, -0.846516f, 0.372852f, 1.000000f,
   0.400000f, -0.200000f, -0.692820f, 1.000000f, 0.750000f, 0.083333f, 0.499632f, -0.038250f, -0.865393f, 0.866112f, 0.005032f, 0.499825f, -0.014764f, -0.999256f, 0.035643f, 1.000000f,
   0.400000f, -0.200000f, -0.692820f, 1.000000f, 0.750000f, 0.083333f, 0.499632f, -0.038250f, -0.865393f, 0.866112f, 0.005032f, 0.499825f, -0.014764f, -0.999256f, 0.035643f, 1.000000f,
   0.636396f, -0.173205f, -0.636396f, 1.000000f, 0.833333f, 0.125000f, 0.618615f, 0.465932f, -0.632631f, 0.708682f, 0.016764f, 0.705329f, 0.339241f, -0.884661f, -0.319828f, 1.000000f,
   0.688160f, -0.100000f, -0.688160f, 1.000000f, 0.916667f, 0.125000f, 0.365056f, 0.845713f, -0.389235f, 0.702110f, 0.024462f, 0.711648f, 0.611371f, -0.533077f, -0.584854f, 1.000000f,
   0.636396f, -0.173205f, -0.636396f, 1.000000f, 0.833333f, 0.125000f, 0.618615f, 0.465932f, -0.632631f, 0.708682f, 0.016764f, 0.705329f, 0.339241f, -0.884661f, -0.319828f, 1.000000f,
   0.707107f, 0.000000f, -0.707107f, 1.000000f, 1.000000f, 0.125000f, -0.040772f, 0.999087f, 0.012786f, 0.693034f, 0.019059f, 0.720653f, 0.719751f, 0.038244f, -0.693178f, 1.000000f,
   0.688160f, -0.100000f, -0.688160f, 1.000000f, 0.916667f, 0.125000f, 0.365056f, 0.845713f, -0.389235f, 0.702110f, 0.024462f, 0.711648f, 0.611371f, -0.533077f, -0.584854f, 1.000000f,
   0.500000f, 0.000000f, -0.866025f, 1.000000f, 1.000000f, 0.083333f, -0.036073f, 0.999087f, 0.022903f, 0.855938f, 0.019059f, 0.516727f, 0.515819f, 0.038244f, -0.855844f, 1.000000f,
   0.707107f, 0.000000f, -0.707107f, 1.000000f, 0.000000f, 0.125000f, -0.040772f, 0.999087f, 0.012786f, 0.693034f, 0.019059f, 0.720653f, 0.719751f, 0.038244f, -0.693178f, 1.000000f,
   0.842820f, 0.100000f, -0.486603f, 1.000000f, 0.083333f, 0.166667f, -0.412761f, 0.884270f, 0.218393f, 0.482347f, 0.008816f, 0.875936f, 0.772638f, 0.466894f, -0.430164f, 1.000000f,
   0.866025f, 0.000000f, -0.500000f, 1.000000f, 0.000000f, 0.166667f, -0.042692f, 0.999087f, 0.001798f, 0.482900f, 0.019059f, 0.875468f, 0.874634f, 0.038244f, -0.483273f, 1.000000f,
   0.688160f, 0.100000f, -0.688160f, 1.000000f, 0.083333f, 0.125000f, -0.342172f, 0.884270f, 0.317782f, 0.692621f, 0.008816f, 0.721248f, 0.634976f, 0.466894f, -0.615480f, 1.000000f,
   0.779423f, 0.173205f, -0.450000f, 1.000000f, 0.166667f, 0.166667f, -0.738052f, 0.532362f, 0.414573f, 0.490314f, 0.001049f, 0.871545f, 0.463542f, 0.846516f, -0.261799f, 1.000000f,
   0.842820f, 0.100000f, -0.486603f, 1.000000f, 0.083333f, 0.166667f, -0.412761f, 0.884270f, 0.218393f, 0.482347f, 0.008816f, 0.875936f, 0.772638f, 0.466894f, -0.430164f, 1.000000f,
   0.636396f, 0.173205f, -0.636396f, 1.000000f, 0.166667f, 0.125000f, -0.605604f, 0.532362f, 0.591468f, 0.699180f, 0.001049f, 0.714945f, 0.379989f, 0.846516f, -0.372852f, 1.000000f,
   0.692820f, 0.200000f, -0.400000f, 1.000000f, 0.250000f, 0.166667f, -0.865391f, 0.038250f, 0.499636f, 0.500162f, 0.005032f, 0.865917f, 0.030608f, 0.999256f, -0.023486f, 1.000000f,
   0.636396f, 0.173205f, -0.636396f, 1.000000f, 0.166667f, 0.125000f, -0.605604f, 0.532362f, 0.591468f, 0.699180f, 0.001049f, 0.714945f, 0.379989f, 0.846516f, -0.372852f, 1.000000f,
   0.565685f, 0.200000f, -0.565685f, 1.000000f, 0.250000f, 0.125000f, -0.706588f, 0.038250f, 0.706591f, 0.707235f, 0.005032f, 0.706960f, 0.023486f, 0.999256f, -0.030608f, 1.000000f,
   0.565685f, 0.200000f, -0.565685f, 1.000000f, 0.250000f, 0.125000f, -0.706588f, 0.038250f, 0.706591f, 0.707235f, 0.005032f, 0.706960f, 0.023486f, 0.999256f, -0.030608f, 1.000000f,
   0.606218f, 0.173205f, -0.350000f, 1.000000f, 0.333333f, 0.166667f, -0.761273f, -0.465932f, 0.450965f, 0.501982f, 0.016764f, 0.864716f, -0.410459f, 0.884662f, 0.221128f, 1.000000f,
   0.692820f, 0.200000f, -0.400000f, 1.000000f, 0.250000f, 0.166667f, -0.865391f, 0.038250f, 0.499636f, 0.500162f, 0.005032f, 0.865917f, 0.030608f, 0.999256f, -0.023486f, 1.000000f,
   0.565685f, 0.200000f, -0.565685f, 1.000000f, 0.250000f, 0.125000f, -0.706588f, 0.038250f, 0.706591f, 0.707235f, 0.005032f, 0.706960f, 0.023486f, 0.999256f, -0.030608f, 1.000000f,
   0.494975f, 0.173205f, -0.494975f, 1.000000f, 0.333333f, 0.125000f, -0.618615f, -0.465932f, 0.632631f, 0.708682f, 0.016764f, 0.705329f, -0.339241f, 0.884662f, 0.319828f, 1.000000f,
   0.542820f, 0.100000f, -0.313398f, 1.000000f, 0.416667f, 0.166667f, -0.453359f, -0.845713f, 0.281488f, 0.493999f, 0.024462f, 0.869118f, -0.741910f, 0.533077f, 0.406691f, 1.000000f,
   0.519615f, -0.000000f, -0.300000f, 1.000000f, 0.500000f, 0.166667f, -0.023547f, -0.999058f, 0.036445f, 0.484212f, 0.020497f, 0.874711f, -0.874634f, 0.038244f, 0.483273f, 1.000000f,
   0.443211f, 0.100000f, -0.443211f, 1.000000f, 0.416667f, 0.125000f, -0.365056f, -0.845713f, 0.389235f, 0.702111f, 0.024462f, 0.711648f, -0.611371f, 0.533077f, 0.584854f, 1.000000f,
   0.424264f, -0.000000f, -0.424264f, 1.000000f, 0.500000f, 0.125000f, -0.013312f, -0.999058f, 0.041298f, 0.694104f, 0.020497f, 0.719583f, -0.719751f, 0.038244f, 0.693178f, 1.000000f,
   0.542820f, -0.100000f, -0.313398f, 1.000000f, 0.583333f, 0.166667f, 0.412761f, -0.884270f, -0.218393f, 0.482347f, 0.008816f, 0.875936f, -0.772638f, -0.466894f, 0.430164f, 1.000000f,
   0.424264f, -0.000000f, -0.424264f, 1.000000f, 0.500000f, 0.125000f, -0.013312f, -0.999058f, 0.041298f, 0.694104f, 0.020497f, 0.719583f, -0.719751f, 0.038244f, 0.693178f, 1.000000f,
   0.443211f, -0.100000f, -0.443211f, 1.000000f, 0.583333f, 0.125000f, 0.342172f, -0.884269f, -0.317782f, 0.692621f, 0.008816f, 0.721248f, -0.634976f, -0.466894f, 0.615480f, 1.000000f,
   0.443211f, -0.100000f, -0.443211f, 1.000000f, 0.583333f, 0.125000f, 0.342172f, -0.884269f, -0.317782f, 0.692621f, 0.008816f, 0.721248f, -0.634976f, -0.466894f, 0.615480f, 1.000000f,
   0.606218f, -0.173205f, -0.350000f, 1.000000f, 0.666667f, 0.166667f, 0.738052f, -0.532362f, -0.414573f, 0.490314f, 0.001049f, 0.871545f, -0.463542f, -0.846516f, 0.261799f, 1.000000f,
   0.443211f, -0.100000f, -0.443211f, 1.000000f, 0.583333f, 0.125000f, 0.342172f, -0.884269f, -0.317782f, 0.692621f, 0.008816f, 0.721248f, -0.634976f, -0.466894f, 0.615480f, 1.000000f,
   0.494975f, -0.173205f, -0.494975f, 1.000000f, 0.666667f, 0.125000f, 0.605604f, -0.532362f, -0.591468f, 0.699179f, 0.001049f, 0.714946f, -0.379989f, -0.846516f, 0.372852f, 1.000000f,
   0.692820f, -0.200000f, -0.400000f, 1.000000f, 0.750000f, 0.166667f, 0.865391f, -0.038250f, -0.499636f, 0.500162f, 0.005032f, 0.865917f, -0.030608f, -0.999256f, 0.023486f, 1.000000f,
   0.494975f, -0.173205f, -0.494975f, 1.000000f, 0.666667f, 0.125000f, 0.605604f, -0.532362f, -0.591468f, 0.699179f, 0.001049f, 0.714946f, -0.379989f, -0.846516f, 0.372852f, 1.000000f,
   0.565685f, -0.200000f, -0.565685f, 1.000000f, 0.750000f, 0.125000f, 0.706588f, -0.038250f, -0.706591f, 0.707235f, 0.005032f, 0.706960f, -0.023486f, -0.999256f, 0.030608f, 1.000000f,
   0.779423f, -0.173205f, -0.450000f, 1.000000f, 0.833333f, 0.166667f, 0.761273f, 0.465932f, -0.450965f, 0.501982f, 0.016764f, 0.864716f, 0.410459f, -0.884661f, -0.221128f, 1.000000f,
   0.636396f, -0.173205f, -0.636396f, 1.000000f, 0.833333f, 0.125000f, 0.618615f, 0.465932f, -0.632631f, 0.708682f, 0.016764f, 0.705329f, 0.339241f, -0.884661f, -0.319828f, 1.000000f,
   0.636396f, -0.173205f, -0.636396f, 1.000000f, 0.833333f, 0.125000f, 0.618615f, 0.465932f, -0.632631f, 0.708682f, 0.016764f, 0.705329f, 0.339241f, -0.884661f, -0.319828f, 1.000000f,
   0.842820f, -0.100000f, -0.486603f, 1.000000f, 0.916667f, 0.166667f, 0.453358f, 0.845713f, -0.281488f, 0.493999f, 0.024462f, 0.869118f, 0.741910f, -0.533077f, -0.406691f, 1.000000f,
   0.636396f, -0.173205f, -0.636396f, 1.000000f, 0.833333f, 0.125000f, 0.618615f, 0.465932f, -0.632631f, 0.708682f, 0.016764f, 0.705329f, 0.339241f, -0.884661f, -0.319828f, 1.000000f,
   0.688160f, -0.100000f, -0.688160f, 1.000000f, 0.916667f, 0.125000f, 0.365056f, 0.845713f, -0.389235f, 0.702110f, 0.024462f, 0.711648f, 0.611371f, -0.533077f, -0.584854f, 1.000000f,
   0.866025f, 0.000000f, -0.500000f, 1.000000f, 1.000000f, 0.166667f, -0.042692f, 0.999087f, 0.001798f, 0.482900f, 0.019059f, 0.875468f, 0.874634f, 0.038244f, -0.483273f, 1.000000f,
   0.707107f, 0.000000f, -0.707107f, 1.000000f, 1.000000f, 0.125000f, -0.040772f, 0.999087f, 0.012786f, 0.693034f, 0.019059f, 0.720653f, 0.719751f, 0.038244f, -0.693178f, 1.000000f,
   0.866025f, 0.000000f, -0.500000f, 1.000000f, 0.000000f, 0.166667f, -0.042692f, 0.999087f, 0.001798f, 0.482900f, 0.019059f, 0.875468f, 0.874634f, 0.038244f, -0.483273f, 1.000000f,
   0.940044f, 0.100000f, -0.251884f, 1.000000f, 0.083333f, 0.208333f, -0.455221f, 0.884270f, 0.104121f, 0.239203f, 0.008816f, 0.970930f, 0.857646f, 0.466893f, -0.215533f, 1.000000f,
   0.965926f, 0.000000f, -0.258819f, 1.000000f, 0.000000f, 0.208333f, -0.041703f, 0.999087f, -0.009313f, 0.239858f, 0.019059f, 0.970621f, 0.969912f, 0.038244f, -0.240434f, 1.000000f,
   0.842820f, 0.100000f, -0.486603f, 1.000000f, 0.083333f, 0.166667f, -0.412761f, 0.884270f, 0.218393f, 0.482347f, 0.008816f, 0.875936f, 0.772638f, 0.466894f, -0.430164f, 1.000000f,
   0.869333f, 0.173205f, -0.232937f, 1.000000f, 0.166667f, 0.208333f, -0.820203f, 0.532362f, 0.209424f, 0.248035f, 0.001049f, 0.968751f, 0.515506f, 0.846516f, -0.132905f, 1.000000f,
   0.779423f, 0.173205f, -0.450000f, 1.000000f, 0.166667f, 0.166667f, -0.738052f, 0.532362f, 0.414573f, 0.490314f, 0.001049f, 0.871545f, 0.463542f, 0.846516f, -0.261799f, 1.000000f,
   0.772741f, 0.200000f, -0.207055f, 1.000000f, 0.250000f, 0.208333f, -0.965219f, 0.038250f, 0.258632f, 0.259004f, 0.005032f, 0.965863f, 0.035643f, 0.999256f, -0.014764f, 1.000000f,
   0.779423f, 0.173205f, -0.450000f, 1.000000f, 0.166667f, 0.166667f, -0.738052f, 0.532362f, 0.414573f, 0.490314f, 0.001049f, 0.871545f, 0.463542f, 0.846516f, -0.261799f, 1.000000f,
   0.692820f, 0.200000f, -0.400000f, 1.000000f, 0.250000f, 0.166667f, -0.865391f, 0.038250f, 0.499636f, 0.500162f, 0.005032f, 0.865917f, 0.030608f, 0.999256f, -0.023486f, 1.000000f,
   0.692820f, 0.200000f, -0.400000f, 1.000000f, 0.250000f, 0.166667f, -0.865391f, 0.038250f, 0.499636f, 0.500162f, 0.005032f, 0.865917f, 0.030608f, 0.999256f, -0.023486f, 1.000000f,
   0.676148f, 0.173205f, -0.181173f, 1.000000f, 0.333333f, 0.208333f, -0.852052f, -0.465932f, 0.238567f, 0.261073f, 0.016764f, 0.965174f, -0.453705f, 0.884661f, 0.107359f, 1.000000f,
   0.605438f, 0.100000f, -0.162226f, 1.000000f, 0.416667f, 0.208333f, -0.510765f, -0.845713f, 0.154559f, 0.252222f, 0.024462f, 0.967360f, -0.821890f, 0.533077f, 0.200813f, 1.000000f,
   0.606218f, 0.173205f, -0.350000f, 1.000000f, 0.333333f, 0.166667f, -0.761273f, -0.465932f, 0.450965f, 0.501982f, 0.016764f, 0.864716f, -0.410459f, 0.884662f, 0.221128f, 1.000000f,
   0.542820f, 0.100000f, -0.313398f, 1.000000f, 0.416667f, 0.166667f, -0.453359f, -0.845713f, 0.281488f, 0.493999f, 0.024462f, 0.869118f, -0.741910f, 0.533077f, 0.406691f, 1.000000f,
   0.542820f, 0.100000f, -0.313398f, 1.000000f, 0.416667f, 0.166667f, -0.453359f, -0.845713f, 0.281488f, 0.493999f, 0.024462f, 0.869118f, -0.741910f, 0.533077f, 0.406691f, 1.000000f,
   0.579556f, -0.000000f, -0.155291f, 1.000000f, 0.500000f, 0.208333f, -0.032177f, -0.999058f, 0.029109f, 0.241321f, 0.020497f, 0.970229f, -0.969912f, 0.038244f, 0.240434f, 1.000000f,
   0.605438f, 0.100000f, -0.162226f, 1.000000f, 0.416667f, 0.208333f, -0.510765f, -0.845713f, 0.154559f, 0.252222f, 0.024462f, 0.967360f, -0.821890f, 0.533077f, 0.200813f, 1.000000f,
   0.542820f, 0.100000f, -0.313398f, 1.000000f, 0.416667f, 0.166667f, -0.453359f, -0.845713f, 0.281488f, 0.493999f, 0.024462f, 0.869118f, -0.741910f, 0.533077f, 0.406691f, 1.000000f,
   0.519615f, -0.000000f, -0.300000f, 1.000000f, 0.500000f, 0.166667f, -0.023547f, -0.999058f, 0.036445f, 0.484212f, 0.020497f, 0.874711f, -0.874634f, 0.038244f, 0.483273f, 1.000000f,
   0.519615f, -0.000000f, -0.300000f, 1.000000f, 0.500000f, 0.166667f, -0.023547f, -0.999058f, 0.036445f, 0.484212f, 0.020497f, 0.874711f, -0.874634f, 0.038244f, 0.483273f, 1.000000f,
   0.605438f, -0.100000f, -0.162227f, 1.000000f, 0.583333f, 0.208333f, 0.455221f, -0.884270f, -0.104121f, 0.239203f, 0.008816f, 0.970930f, -0.857646f, -0.466894f, 0.215533f, 1.000000f,
   0.519615f, -0.000000f, -0.300000f, 1.000000f, 0.500000f, 0.166667f, -0.023547f, -0.999058f, 0.036445f, 0.484212f, 0.020497f, 0.874711f, -0.874634f, 0.038244f, 0.483273f, 1.000000f,
   0.542820f, -0.100000f, -0.313398f, 1.000000f, 0.583333f, 0.166667f, 0.412761f, -0.884270f, -0.218393f, 0.482347f, 0.008816f, 0.875936f, -0.772638f, -0.466894f, 0.430164f, 1.000000f,
   0.676148f, -0.173205f, -0.181173f, 1.000000f, 0.666667f, 0.208333f, 0.820203f, -0.532362f, -0.209424f, 0.248034f, 0.001049f, 0.968751f, -0.515506f, -0.846516f, 0.132905f, 1.000000f,
   0.772741f, -0.200000f, -0.207055f, 1.000000f, 0.750000f, 0.208333f, 0.965219f, -0.038250f, -0.258631f, 0.259004f, 0.005032f, 0.965863f, -0.035643f, -0.999256f, 0.014764f, 1.000000f,
   0.692820f, -0.200000f, -0.400000f, 1.000000f, 0.750000f, 0.166667f, 0.865391f, -0.038250f, -0.499636f, 0.500162f, 0.005032f, 0.865917f, -0.030608f, -0.999256f, 0.023486f, 1.000000f,
   0.692820f, -0.200000f, -0.400000f, 1.000000f, 0.750000f, 0.166667f, 0.865391f, -0.038250f, -0.499636f, 0.500162f, 0.005032f, 0.865917f, -0.030608f, -0.999256f, 0.023486f, 1.000000f,
   0.869333f, -0.173205f, -0.232937f, 1.000000f, 0.833333f, 0.208333f, 0.852052f, 0.465932f, -0.238567f, 0.261073f, 0.016764f, 0.965174f, 0.453705f, -0.884661f, -0.107359f, 1.000000f,
   0.772741f, -0.200000f, -0.207055f, 1.000000f, 0.750000f, 0.208333f, 0.965219f, -0.038250f, -0.258631f, 0.259004f, 0.005032f, 0.965863f, -0.035643f, -0.999256f, 0.014764f, 1.000000f,
   0.779423f, -0.173205f, -0.450000f, 1.000000f, 0.833333f, 0.166667f, 0.761273f, 0.465932f, -0.450965f, 0.501982f, 0.016764f, 0.864716f, 0.410459f, -0.884661f, -0.221128f, 1.000000f,
   0.940044f, -0.100000f, -0.251884f, 1.000000f, 0.916667f, 0.208333f, 0.510765f, 0.845713f, -0.154559f, 0.252222f, 0.024462f, 0.967360f, 0.821890f, -0.533077f, -0.200813f, 1.000000f,
   0.965926f, 0.000000f, -0.258819f, 1.000000f, 1.000000f, 0.208333f, -0.041703f, 0.999087f, -0.009313f, 0.239858f, 0.019059f, 0.970621f, 0.969912f, 0.038244f, -0.240434f, 1.000000f,
   0.866025f, 0.000000f, -0.500000f, 1.000000f, 1.000000f, 0.166667f, -0.042692f, 0.999087f, 0.001798f, 0.482900f, 0.019059f, 0.875468f, 0.874634f, 0.038244f, -0.483273f, 1.000000f,
   0.973205f, 0.100000f, 0.000000f, 1.000000f, 0.083333f, 0.250000f, -0.466658f, 0.884270f, -0.017247f, -0.020243f, 0.008816f, 0.999756f, 0.884206f, 0.466893f, 0.013786f, 1.000000f,
   1.000000f, 0.000000f, 0.000000f, 1.000000f, 0.000000f, 0.250000f, -0.037871f, 0.999087f, -0.019789f, -0.019530f, 0.019059f, 0.999628f, 0.999092f, 0.038244f, 0.018790f, 1.000000f,
   0.965926f, 0.000000f, -0.258819f, 1.000000f, 0.000000f, 0.208333f, -0.041703f, 0.999087f, -0.009313f, 0.239858f, 0.019059f, 0.970621f, 0.969912f, 0.038244f, -0.240434f, 1.000000f,
   0.940044f, 0.100000f, -0.251884f, 1.000000f, 0.083333f, 0.208333f, -0.455221f, 0.884270f, 0.104121f, 0.239203f, 0.008816f, 0.970930f, 0.857646f, 0.466893f, -0.215533f, 1.000000f,
   0.900000f, 0.173205f, 0.000000f, 1.000000f, 0.166667f, 0.250000f, -0.846458f, 0.532362f, -0.009996f, -0.011148f, 0.001049f, 0.999937f, 0.532339f, 0.846516f, 0.005047f, 1.000000f,
   0.973205f, 0.100000f, 0.000000f, 1.000000f, 0.083333f, 0.250000f, -0.466658f, 0.884270f, -0.017247f, -0.020243f, 0.008816f, 0.999756f, 0.884206f, 0.466893f, 0.013786f, 1.000000f,
   0.940044f, 0.100000f, -0.251884f, 1.000000f, 0.083333f, 0.208333f, -0.455221f, 0.884270f, 0.104121f, 0.239203f, 0.008816f, 0.970930f, 0.857646f, 0.466893f, -0.215533f, 1.000000f,
   0.869333f, 0.173205f, -0.232937f, 1.000000f, 0.166667f, 0.208333f, -0.820203f, 0.532362f, 0.209424f, 0.248035f, 0.001049f, 0.968751f, 0.515506f, 0.846516f, -0.132905f, 1.000000f,
   0.869333f, 0.173205f, -0.232937f, 1.000000f, 0.166667f, 0.208333f, -0.820203f, 0.532362f, 0.209424f, 0.248035f, 0.001049f, 0.968751f, 0.515506f, 0.846516f, -0.132905f, 1.000000f,
   0.800000f, 0.200000f, 0.000000f, 1.000000f, 0.250000f, 0.250000f, -0.999268f, 0.038250f, 0.000002f, 0.000194f, 0.005032f, 0.999987f, 0.038250f, 0.999256f, -0.005036f, 1.000000f,
   0.900000f, 0.173205f, 0.000000f, 1.000000f, 0.166667f, 0.250000f, -0.846458f, 0.532362f, -0.009996f, -0.011148f, 0.001049f, 0.999937f, 0.532339f, 0.846516f, 0.005047f, 1.000000f,
   0.772741f, 0.200000f, -0.207055f, 1.000000f, 0.250000f, 0.208333f, -0.965219f, 0.038250f, 0.258632f, 0.259004f, 0.005032f, 0.965863f, 0.035643f, 0.999256f, -0.014764f, 1.000000f,
   0.772741f, 0.200000f, -0.207055f, 1.000000f, 0.250000f, 0.208333f, -0.965219f, 0.038250f, 0.258632f, 0.259004f, 0.005032f, 0.965863f, 0.035643f, 0.999256f, -0.014764f, 1.000000f,
   0.700000f, 0.173205f, 0.000000f, 1.000000f, 0.333333f, 0.250000f, -0.884765f, -0.465932f, 0.009911f, 0.002371f, 0.016764f, 0.999857f, -0.466032f, 0.884662f, -0.013727f, 1.000000f,
   0.800000f, 0.200000f, 0.000000f, 1.000000f, 0.250000f, 0.250000f, -0.999268f, 0.038250f, 0.000002f, 0.000194f, 0.005032f, 0.999987f, 0.038250f, 0.999256f, -0.005036f, 1.000000f,
   0.772741f, 0.200000f, -0.207055f, 1.000000f, 0.250000f, 0.208333f, -0.965219f, 0.038250f, 0.258632f, 0.259004f, 0.005032f, 0.965863f, 0.035643f, 0.999256f, -0.014764f, 1.000000f,
   0.626795f, 0.100000f, 0.000000f, 1.000000f, 0.416667f, 0.250000f, -0.533364f, -0.845713f, 0.017097f, -0.006744f, 0.024462f, 0.999678f, -0.845859f, 0.533077f, -0.018750f, 1.000000f,
   0.700000f, 0.173205f, 0.000000f, 1.000000f, 0.333333f, 0.250000f, -0.884765f, -0.465932f, 0.009911f, 0.002371f, 0.016764f, 0.999857f, -0.466032f, 0.884662f, -0.013727f, 1.000000f,
   0.605438f, 0.100000f, -0.162226f, 1.000000f, 0.416667f, 0.208333f, -0.510765f, -0.845713f, 0.154559f, 0.252222f, 0.024462f, 0.967360f, -0.821890f, 0.533077f, 0.200813f, 1.000000f,
   0.600000f, -0.000000f, 0.000000f, 1.000000f, 0.500000f, 0.250000f, -0.038615f, -0.999058f, 0.019789f, -0.018016f, 0.020497f, 0.999628f, -0.999092f, 0.038244f, -0.018790f, 1.000000f,
   0.579556f, -0.000000f, -0.155291f, 1.000000f, 0.500000f, 0.208333f, -0.032177f, -0.999058f, 0.029109f, 0.241321f, 0.020497f, 0.970229f, -0.969912f, 0.038244f, 0.240434f, 1.000000f,
   0.579556f, -0.000000f, -0.155291f, 1.000000f, 0.500000f, 0.208333f, -0.032177f, -0.999058f, 0.029109f, 0.241321f, 0.020497f, 0.970229f, -0.969912f, 0.038244f, 0.240434f, 1.000000f,
   0.626795f, -0.100000f, 0.000000f, 1.000000f, 0.583333f, 0.250000f, 0.466658f, -0.884270f, 0.017247f, -0.020243f, 0.008816f, 0.999756f, -0.884206f, -0.466894f, -0.013786f, 1.000000f,
   0.600000f, -0.000000f, 0.000000f, 1.000000f, 0.500000f, 0.250000f, -0.038615f, -0.999058f, 0.019789f, -0.018016f, 0.020497f, 0.999628f, -0.999092f, 0.038244f, -0.018790f, 1.000000f,
   0.579556f, -0.000000f, -0.155291f, 1.000000f, 0.500000f, 0.208333f, -0.032177f, -0.999058f, 0.029109f, 0.241321f, 0.020497f, 0.970229f, -0.969912f, 0.038244f, 0.240434f, 1.000000f,
   0.700000f, -0.173205f, 0.000000f, 1.000000f, 0.666667f, 0.250000f, 0.846458f, -0.532362f, 0.009996f, -0.011148f, 0.001050f, 0.999937f, -0.532339f, -0.846516f, -0.005047f, 1.000000f,
   0.626795f, -0.100000f, 0.000000f, 1.000000f, 0.583333f, 0.250000f, 0.466658f, -0.884270f, 0.017247f, -0.020243f, 0.008816f, 0.999756f, -0.884206f, -0.466894f, -0.013786f, 1.000000f,
   0.605438f, -0.100000f, -0.162227f, 1.000000f, 0.583333f, 0.208333f, 0.455221f, -0.884270f, -0.104121f, 0.239203f, 0.008816f, 0.970930f, -0.857646f, -0.466894f, 0.215533f, 1.000000f,
   0.800000f, -0.200000f, 0.000000f, 1.000000f, 0.750000f, 0.250000f, 0.999268f, -0.038250f, -0.000002f, 0.000194f, 0.005032f, 0.999987f, -0.038250f, -0.999256f, 0.005036f, 1.000000f,
   0.700000f, -0.173205f, 0.000000f, 1.000000f, 0.666667f, 0.250000f, 0.846458f, -0.532362f, 0.009996f, -0.011148f, 0.001050f, 0.999937f, -0.532339f, -0.846516f, -0.005047f, 1.000000f,
   0.772741f, -0.200000f, -0.207055f, 1.000000f, 0.750000f, 0.208333f, 0.965219f, -0.038250f, -0.258631f, 0.259004f, 0.005032f, 0.965863f, -0.035643f, -0.999256f, 0.014764f, 1.000000f,
   0.772741f, -0.200000f, -0.207055f, 1.000000f, 0.750000f, 0.208333f, 0.965219f, -0.038250f, -0.258631f, 0.259004f, 0.005032f, 0.965863f, -0.035643f, -0.999256f, 0.014764f, 1.000000f,
   0.900000f, -0.173205f, 0.000000f, 1.000000f, 0.833333f, 0.250000f, 0.884765f, 0.465932f, -0.009911f, 0.002371f, 0.016764f, 0.999857f, 0.466032f, -0.884661f, 0.013727f, 1.000000f,
   0.772741f, -0.200000f, -0.207055f, 1.000000f, 0.750000f, 0.208333f, 0.965219f, -0.038250f, -0.258631f, 0.259004f, 0.005032f, 0.965863f, -0.035643f, -0.999256f, 0.014764f, 1.000000f,
   0.869333f, -0.173205f, -0.232937f, 1.000000f, 0.833333f, 0.208333f, 0.852052f, 0.465932f, -0.238567f, 0.261073f, 0.016764f, 0.965174f, 0.453705f, -0.884661f, -0.107359f, 1.000000f,
   0.973205f, -0.100000f, 0.000000f, 1.000000f, 0.916667f, 0.250000f, 0.533364f, 0.845713f, -0.017097f, -0.006744f, 0.024462f, 0.999678f, 0.845859f, -0.533077f, 0.018750f, 1.000000f,
   0.869333f, -0.173205f, -0.232937f, 1.000000f, 0.833333f, 0.208333f, 0.852052f, 0.465932f, -0.238567f, 0.261073f, 0.016764f, 0.965174f, 0.453705f, -0.884661f, -0.107359f, 1.000000f,
   0.940044f, -0.100000f, -0.251884f, 1.000000f, 0.916667f, 0.208333f, 0.510765f, 0.845713f, -0.154559f, 0.252222f, 0.024462f, 0.967360f, 0.821890f, -0.533077f, -0.200813f, 1.000000f,
   1.000000f, 0.000000f, 0.000000f, 1.000000f, 1.000000f, 0.250000f, -0.037871f, 0.999087f, -0.019789f, -0.019530f, 0.019059f, 0.999628f, 0.999092f, 0.038244f, 0.018790f, 1.000000f,
   0.965926f, 0.000000f, -0.258819f, 1.000000f, 1.000000f, 0.208333f, -0.041703f, 0.999087f, -0.009313f, 0.239858f, 0.019059f, 0.970621f, 0.969912f, 0.038244f, -0.240434f, 1.000000f,
   0.940044f, 0.100000f, 0.251884f, 1.000000f, 0.083333f, 0.291667f, -0.446293f, 0.884270f, -0.137439f, -0.278309f, 0.008816f, 0.960451f, 0.850509f, 0.466893f, 0.242166f, 1.000000f,
   0.965926f, 0.000000f, 0.258819f, 1.000000f, 0.000000f, 0.291667f, -0.031459f, 0.999087f, -0.028917f, -0.277587f, 0.019059f, 0.960511f, 0.960185f, 0.038244f, 0.276734f, 1.000000f,
   1.000000f, 0.000000f, 0.000000f, 1.000000f, 0.000000f, 0.250000f, -0.037871f, 0.999087f, -0.019789f, -0.019530f, 0.019059f, 0.999628f, 0.999092f, 0.038244f, 0.018790f, 1.000000f,
   0.973205f, 0.100000f, 0.000000f, 1.000000f, 0.083333f, 0.250000f, -0.466658f, 0.884270f, -0.017247f, -0.020243f, 0.008816f, 0.999756f, 0.884206f, 0.466893f, 0.013786f, 1.000000f,
   0.869333f, 0.173205f, 0.232937f, 1.000000f, 0.166667f, 0.291667f, -0.815028f, 0.532362f, -0.228734f, -0.269571f, 0.001049f, 0.962980f, 0.512894f, 0.846516f, 0.142654f, 1.000000f,
   0.973205f, 0.100000f, 0.000000f, 1.000000f, 0.083333f, 0.250000f, -0.466658f, 0.884270f, -0.017247f, -0.020243f, 0.008816f, 0.999756f, 0.884206f, 0.466893f, 0.013786f, 1.000000f,
   0.900000f, 0.173205f, 0.000000f, 1.000000f, 0.166667f, 0.250000f, -0.846458f, 0.532362f, -0.009996f, -0.011148f, 0.001049f, 0.999937f, 0.532339f, 0.846516f, 0.005047f, 1.000000f,
   0.772741f, 0.200000f, 0.207055f, 1.000000f, 0.250000f, 0.291667f, -0.965219f, 0.038250f, -0.258628f, -0.258628f, 0.005032f, 0.965964f, 0.038250f, 0.999255f, 0.005036f, 1.000000f,
   0.900000f, 0.173205f, 0.000000f, 1.000000f, 0.166667f, 0.250000f, -0.846458f, 0.532362f, -0.009996f, -0.011148f, 0.001049f, 0.999937f, 0.532339f, 0.846516f, 0.005047f, 1.000000f,
   0.800000f, 0.200000f, 0.000000f, 1.000000f, 0.250000f, 0.250000f, -0.999268f, 0.038250f, 0.000002f, 0.000194f, 0.005032f, 0.999987f, 0.038250f, 0.999256f, -0.005036f, 1.000000f,
